bins: 0.0, 100.0, 200.0, 250.0, 300.0, 350.0, 400.0, 450.0, 500.0, 550.0, 600.0, 800.0, 1000.0, 2000.0
eff: 1.0, 1.0, 0.0, 0.115702479339, 0.246625129803, 0.404284257055, 0.527205722957, 0.569166666667, 0.567474048443, 0.580733442802, 0.588684210526, 0.589743589744, 0.593619972261