bins: 0.0, 100.0, 200.0, 250.0, 300.0, 350.0, 400.0, 450.0, 500.0, 550.0, 600.0, 800.0, 1000.0, 2000.0
eff: 1.0, 1.0, 1.0, 0.538601436592, 0.76475702497, 0.836276558821, 0.837169702258, 0.850069532149, 0.80303747339, 0.886397816171, 0.85649733925, 0.869351042819, 0.943978945681, 