bins: 0.0, 100.0, 200.0, 250.0, 300.0, 350.0, 400.0, 450.0, 500.0, 550.0, 600.0, 800.0, 1000.0, 2000.0
eff: 1.0, 1.0, 0.00709219858156, 0.0338106603023, 0.181932245922, 0.409952606635, 0.528998242531, 0.552831290134, 0.575298804781, 0.587822014052, 0.581688596491, 0.562607204117, 0.585434173669