bins: 0.0, 100.0, 200.0, 250.0, 300.0, 350.0, 400.0, 450.0, 500.0, 550.0, 600.0, 800.0, 1000.0, 2000.0
eff: 1.0, 1.0, 0.46732327391, 0.351260392816, 0.578638453217, 0.792876303549, 0.920820781187, 0.948055471528, 0.971800232319, 0.993842548848, 0.974322130932, 0.950809923522, 1.00606787879, 