bins: 0.0, 100.0, 200.0, 250.0, 300.0, 350.0, 400.0, 450.0, 500.0, 550.0, 600.0, 800.0, 1000.0, 2000.0
eff: 1.0, 1.0, 0.0151762152187, 0.096255259613, 0.314414372068, 0.517044846466, 0.574485560425, 0.583121248426, 0.591992866073, 0.591463924273, 0.597018766201, 0.591713643493, 0.581903255249