bins: 0.0, 100.0, 200.0, 250.0, 300.0, 350.0, 400.0, 450.0, 500.0, 550.0, 600.0, 800.0, 1000.0, 2000.0
eff: 1.0, 1.0, 0.333333333333, 0.714285714286, 0.764705882353, 0.740740740741, 0.896551724138, 0.904761904762, 0.916666666667, 1.0, 0.878048780488, 0.857142857143, 0.777777777778