bins: 0.0, 100.0, 200.0, 250.0, 300.0, 350.0, 400.0, 450.0, 500.0, 550.0, 600.0, 800.0, 1000.0, 2000.0
eff: 1.0, 2.73171688923, 0.751605905427, 1.03230254007, 0.933378544987, 0.836197205866, 0.985414180667, 0.984365373596, 0.999275038554, 1.08851153777, 0.937654801834, 0.921572121126, 0.849185908232, 