bins: 0.0, 100.0, 200.0, 250.0, 300.0, 350.0, 400.0, 450.0, 500.0, 550.0, 600.0, 800.0, 1000.0, 2000.0
eff: 1.0, 1.0, 0.0, 2.80699680821, 0.930370758577, 0.765332713889, 1.01636080062, 1.03910682265, 1.02756155624, 1.03934159993, 0.942380398964, 0.921572121126, 0.849185908232, 