bins: 0.0, 100.0, 200.0, 250.0, 300.0, 350.0, 400.0, 450.0, 500.0, 550.0, 600.0, 800.0, 1000.0, 2000.0
eff: 1.0, 2.73171688923, 0.751605905427, 1.04537379139, 0.970720615886, 0.831233070756, 0.943930101078, 1.01342760343, 1.03080466187, 1.10652802115, 0.868491476007, 0.928846287016, 0.855317020515, 