bins: 0.0, 100.0, 200.0, 250.0, 300.0, 350.0, 400.0, 450.0, 500.0, 550.0, 600.0, 800.0, 1000.0, 2000.0
eff: 1.0, 0.366070145828, 0.443494830105, 0.691934473239, 0.819288043913, 0.885844553826, 0.909822226763, 0.919132193219, 0.91733169678, 0.918685714665, 0.936430740577, 0.93008765944, 0.915909897042