bins: 0.0, 100.0, 200.0, 250.0, 300.0, 350.0, 400.0, 450.0, 500.0, 550.0, 600.0, 800.0, 1000.0, 2000.0
eff: 1.0, 1.0, 0.0894309079442, 0.27692183291, 0.388255713667, 0.487514299839, 0.512050240793, 0.523076339326, 0.531707494463, 0.535463896632, 0.543079944913, 0.54953031334, 0.548080762175