bins: 0.0, 100.0, 200.0, 250.0, 300.0, 350.0, 400.0, 450.0, 500.0, 550.0, 600.0, 800.0, 1000.0, 2000.0
eff: 1.0, 1.0, 0.672808554949, 0.464100202775, 0.667256384034, 0.784885472788, 0.835537318985, 0.853803117157, 0.846667766289, 0.847972567701, 0.843808292327, 0.832623790547, 0.814952255652