bins: 0.0, 100.0, 200.0, 250.0, 300.0, 350.0, 400.0, 450.0, 500.0, 550.0, 600.0, 800.0, 1000.0, 2000.0
eff: 1.0, 1.0, 1.0, 0.0, 0.344262295082, 0.506293706294, 0.685527747552, 0.759603469641, 0.796946564885, 0.852589641434, 0.844613918017, 0.866336633663, 0.842105263158