bins: 0.0, 100.0, 200.0, 250.0, 300.0, 350.0, 400.0, 450.0, 500.0, 550.0, 600.0, 800.0, 1000.0, 2000.0
eff: 1.0, 1.0, 0.0, 0.428734931091, 0.619416037209, 0.861517978626, 0.707957000514, 0.828812939911, 0.782861497882, 0.889029048761, 0.780046200021, 0.863839098888, 0.817971552478, 