bins: 0.0, 100.0, 200.0, 250.0, 300.0, 350.0, 400.0, 450.0, 500.0, 550.0, 600.0, 800.0, 1000.0, 2000.0
eff: 1.0, 1.0, 0.100553653425, 0.304231759882, 0.627831482442, 0.727922875235, 0.770462817739, 0.769692416423, 0.773142068593, 0.769615489246, 0.765624167141, 0.78718363278, 0.747105579968