bins: 0.0, 100.0, 200.0, 250.0, 300.0, 350.0, 400.0, 450.0, 500.0, 550.0, 600.0, 800.0, 1000.0, 2000.0
eff: 1.0, 1.0, 1.0, 0.0910931174089, 0.135043562439, 0.215342465753, 0.223146223146, 0.268398268398, 0.278388278388, 0.271659324523, 0.300837776085, 0.345153664303, 0.355633802817