bins: 0.0, 100.0, 200.0, 250.0, 300.0, 350.0, 400.0, 450.0, 500.0, 550.0, 600.0, 800.0, 1000.0, 2000.0
eff: 1.0, 1.0, 1.0, 0.142857142857, 0.351449275362, 0.533707865169, 0.610993657505, 0.649253731343, 0.627388535032, 0.693121693122, 0.682608695652, 0.692307692308, 0.763636363636