bins: 0.0, 100.0, 200.0, 250.0, 300.0, 350.0, 400.0, 450.0, 500.0, 550.0, 600.0, 800.0, 1000.0, 2000.0
eff: 1.0, 1.0, 1.0, 0.118279569892, 0.25621414914, 0.476923076923, 0.594936708861, 0.63923524522, 0.634064080944, 0.622080679406, 0.64361972547, 0.68253968254, 0.712765957447