bins: 0.0, 100.0, 200.0, 250.0, 300.0, 350.0, 400.0, 450.0, 500.0, 550.0, 600.0, 800.0, 1000.0, 2000.0
eff: 1.0, 1.0, 1.0, 1.0, 0.615384615385, 0.684210526316, 0.862068965517, 0.904761904762, 0.916666666667, 0.9375, 0.888888888889, 1.0, 0.777777777778