bins: 0.0, 100.0, 200.0, 250.0, 300.0, 350.0, 400.0, 450.0, 500.0, 550.0, 600.0, 800.0, 1000.0, 2000.0
eff: 1.0, 3.90122307624, 0.563674396992, 1.02421093535, 0.994946444842, 0.876664230676, 0.914848304171, 1.0140635023, 1.02439632102, 1.03966554222, 0.884835091542, 1.08253852111, 0.856293149252, 