bins: 0.0, 100.0, 200.0, 250.0, 300.0, 350.0, 400.0, 450.0, 500.0, 550.0, 600.0, 800.0, 1000.0, 2000.0
eff: 1.0, 0.256329868982, 0.443518459122, 0.673352674347, 0.781728284784, 0.844953763163, 0.881514027218, 0.89221424764, 0.894835961298, 0.905268504503, 0.929237809488, 0.92375465676, 0.908307836466