bins: 0.0, 100.0, 200.0, 250.0, 300.0, 350.0, 400.0, 450.0, 500.0, 550.0, 600.0, 800.0, 1000.0, 2000.0
eff: 1.0, 1.0, 1.0, 0.316114640123, 0.54288960042, 0.754270665192, 0.863507265385, 0.892779813583, 0.910019112281, 0.912735269388, 0.935149294859, 0.931058540653, 0.912840123463