bins: 0.0, 100.0, 200.0, 250.0, 300.0, 350.0, 400.0, 450.0, 500.0, 550.0, 600.0, 800.0, 1000.0, 2000.0
eff: 1.0, 1.0, 0.0, 0.134146341463, 0.215949188426, 0.342657342657, 0.386822529224, 0.443383356071, 0.456106870229, 0.446575342466, 0.453002610966, 0.50406504065, 0.429577464789