bins: 0.0, 100.0, 200.0, 250.0, 300.0, 350.0, 400.0, 450.0, 500.0, 550.0, 600.0, 800.0, 1000.0, 2000.0
eff: 1.0, 1.0, 1.0, 0.229910838545, 0.39157203814, 0.547914819872, 0.622071029006, 0.64616417257, 0.659565046432, 0.67165310161, 0.678190739063, 0.70155732298, 0.710863988343