bins: 0.0, 100.0, 200.0, 250.0, 300.0, 350.0, 400.0, 450.0, 500.0, 550.0, 600.0, 800.0, 1000.0, 2000.0
eff: 1.0, 1.0, 1.0, 0.21568627451, 0.403755868545, 0.623853211009, 0.74358974359, 0.78313253012, 0.837988826816, 0.834482758621, 0.845659163987, 0.81512605042, 0.866666666667