bins: 0.0, 100.0, 200.0, 250.0, 300.0, 350.0, 400.0, 450.0, 500.0, 550.0, 600.0, 800.0, 1000.0, 2000.0
eff: 1.0, 1.0, 0.0, 0.103092783505, 0.4, 0.620320855615, 0.705035971223, 0.794871794872, 0.82, 0.8375, 0.81935483871, 0.784615384615, 0.857142857143