bins: 0.0, 100.0, 200.0, 250.0, 300.0, 350.0, 400.0, 450.0, 500.0, 550.0, 600.0, 800.0, 1000.0, 2000.0
eff: 1.0, 1.0, 0.107419440862, 0.156643749456, 0.224778622132, 0.2705466835, 0.29738875077, 0.307754716151, 0.320110914108, 0.325589896525, 0.337720178135, 0.364872094064, 0.374378650372