bins: 0.0, 100.0, 200.0, 250.0, 300.0, 350.0, 400.0, 450.0, 500.0, 550.0, 600.0, 800.0, 1000.0, 2000.0
eff: 1.0, 1.0, 0.0, 0.0987925356751, 0.12259646406, 0.254655207694, 0.370089593384, 0.411958672236, 0.397213322405, 0.394018089012, 0.419155829746, 0.453658536585, 0.478087649402