bins: 0.0, 100.0, 200.0, 250.0, 300.0, 350.0, 400.0, 450.0, 500.0, 550.0, 600.0, 800.0, 1000.0, 2000.0
eff: 1.0, 1.0, 1.0, 0.121951219512, 0.218294573643, 0.377042399173, 0.48166218035, 0.557384941267, 0.591400521934, 0.63051290428, 0.644330708661, 0.662101481814, 0.67723156533