bins: 0.0, 100.0, 200.0, 250.0, 300.0, 350.0, 400.0, 450.0, 500.0, 550.0, 600.0, 800.0, 1000.0, 2000.0
eff: 1.0, 1.0, 1.0, 1.0, 0.47619047619, 0.686274509804, 0.795620437956, 0.916666666667, 0.857142857143, 0.906666666667, 0.880681818182, 0.87037037037, 0.765957446809