bins: 0.0, 100.0, 200.0, 250.0, 300.0, 350.0, 400.0, 450.0, 500.0, 550.0, 600.0, 800.0, 1000.0, 2000.0
eff: 1.0, 1.0, 1.0, 0.328411507357, 0.547506234424, 0.754099599959, 0.861499296453, 0.90036166675, 0.910052330186, 0.909450230502, 0.934831422051, 0.933138977116, 0.909586554621