bins: 0.0, 100.0, 200.0, 250.0, 300.0, 350.0, 400.0, 450.0, 500.0, 550.0, 600.0, 800.0, 1000.0, 2000.0
eff: 1.0, 1.0, 1.0, 0.142857142857, 0.248663101604, 0.353658536585, 0.393524283935, 0.463976945245, 0.442446043165, 0.496083550914, 0.52, 0.519607843137, 0.576530612245