bins: 0.0, 100.0, 200.0, 250.0, 300.0, 350.0, 400.0, 450.0, 500.0, 550.0, 600.0, 800.0, 1000.0, 2000.0
eff: 1.0, 1.0, 0.115307479664, 0.40705466057, 0.601468171508, 0.708685824818, 0.735656962292, 0.751982651826, 0.752031760783, 0.757369544992, 0.763190295678, 0.766208442023, 0.756012206175