bins: 0.0, 100.0, 200.0, 250.0, 300.0, 350.0, 400.0, 450.0, 500.0, 550.0, 600.0, 800.0, 1000.0, 2000.0
eff: 1.0, 0.0, 0.00327868852459, 0.031960461285, 0.174228675136, 0.405714285714, 0.528041415013, 0.5578465063, 0.564341085271, 0.576, 0.584640346133, 0.563667232598, 0.602777777778