bins: 0.0, 100.0, 200.0, 250.0, 300.0, 350.0, 400.0, 450.0, 500.0, 550.0, 600.0, 800.0, 1000.0, 2000.0
eff: 1.0, 0.0, 0.251519156123, 0.341252645288, 0.562791492359, 0.812764209605, 0.952422841695, 0.987345952945, 0.982447465867, 0.99579019483, 1.00238726545, 0.969897230241, 1.048298974, 