bins: 0.0, 100.0, 200.0, 250.0, 300.0, 350.0, 400.0, 450.0, 500.0, 550.0, 600.0, 800.0, 1000.0, 2000.0
eff: 1.0, 0.00476447893534, 0.0130355420046, 0.0936563034055, 0.309579440168, 0.499178336004, 0.554419100316, 0.564995992171, 0.574423676459, 0.57843509907, 0.583247978384, 0.581161812843, 0.575005597377