bins: 0.0, 100.0, 200.0, 250.0, 300.0, 350.0, 400.0, 450.0, 500.0, 550.0, 600.0, 800.0, 1000.0, 2000.0
eff: 1.0, 1.0, 1.0, 0.269252797162, 0.456646429481, 0.63695828472, 0.727818849761, 0.765083429938, 0.778139971805, 0.785821256256, 0.794929193837, 0.803076101771, 0.810047714088