bins: 0.0, 100.0, 200.0, 250.0, 300.0, 350.0, 400.0, 450.0, 500.0, 550.0, 600.0, 800.0, 1000.0, 2000.0
eff: 1.0, 1.0, 0.0, 0.420633495252, 0.63269288016, 0.871673961624, 0.72045384932, 0.829691788356, 0.78313083088, 0.890578139623, 0.783423308271, 0.871951394873, 0.805204479987, 