bins: 0.0, 100.0, 200.0, 250.0, 300.0, 350.0, 400.0, 450.0, 500.0, 550.0, 600.0, 800.0, 1000.0, 2000.0
eff: 1.0, 0.0, 0.0686991965796, 0.285283985594, 0.614656654253, 0.71944175423, 0.75709852334, 0.768877122126, 0.772876170913, 0.768276803431, 0.762323785771, 0.77985998302, 0.75895145432