bins: 0.0, 100.0, 200.0, 250.0, 300.0, 350.0, 400.0, 450.0, 500.0, 550.0, 600.0, 800.0, 1000.0, 2000.0
eff: 1.0, 1.0, 1.0, 0.230449321313, 0.437307990355, 0.63684636586, 0.741731397856, 0.776211062015, 0.7893498123, 0.795688424449, 0.802665675244, 0.808375783836, 0.817736956533