bins: 0.0, 100.0, 200.0, 250.0, 300.0, 350.0, 400.0, 450.0, 500.0, 550.0, 600.0, 800.0, 1000.0, 2000.0
eff: 1.0, 1.0, 0.058015464001, 0.261140321876, 0.432182429383, 0.524449027097, 0.571991928861, 0.583576879936, 0.590290623736, 0.59293824462, 0.597514527046, 0.594507420634, 0.572851135862