bins: 0.0, 100.0, 200.0, 250.0, 300.0, 350.0, 400.0, 450.0, 500.0, 550.0, 600.0, 800.0, 1000.0, 2000.0
eff: 1.0, 1.0, 0.111836092996, 0.302870642661, 0.416897289679, 0.517319774614, 0.573913998214, 0.582882752112, 0.590638559263, 0.59229663896, 0.596958668501, 0.593196308686, 0.583521970979