bins: 0.0, 100.0, 200.0, 250.0, 300.0, 350.0, 400.0, 450.0, 500.0, 550.0, 600.0, 800.0, 1000.0, 2000.0
eff: 1.0, 1.0, 0.0303826841469, 0.14800369306, 0.248289242522, 0.296604748267, 0.320904350426, 0.330764704128, 0.338405697662, 0.345213114708, 0.356145184194, 0.371075526213, 0.376893453685