bins: 0.0, 100.0, 200.0, 250.0, 300.0, 350.0, 400.0, 450.0, 500.0, 550.0, 600.0, 800.0, 1000.0, 2000.0
eff: 1.0, 1.0, 1.0, 0.320780932254, 0.50267207244, 0.732501000979, 0.853799020719, 0.894385019293, 0.906608936631, 0.918118205793, 0.921395487836, 0.91594447793, 0.918398292577