bins: 0.0, 100.0, 200.0, 250.0, 300.0, 350.0, 400.0, 450.0, 500.0, 550.0, 600.0, 800.0, 1000.0, 2000.0
eff: 1.0, 1.0, 1.0, 0.116666666667, 0.237770897833, 0.36149543715, 0.421330208028, 0.459353922613, 0.478395061728, 0.495646766169, 0.516690442225, 0.537006578947, 0.575096277279