bins: 0.0, 100.0, 200.0, 250.0, 300.0, 350.0, 400.0, 450.0, 500.0, 550.0, 600.0, 800.0, 1000.0, 2000.0
eff: 1.0, 1.0, 0.264851494848, 0.291360556375, 0.363800162656, 0.478756427138, 0.503657955578, 0.514463005796, 0.528438005273, 0.529461803017, 0.530747939278, 0.540367959694, 0.542551368783