bins: 0.0, 100.0, 200.0, 250.0, 300.0, 350.0, 400.0, 450.0, 500.0, 550.0, 600.0, 800.0, 1000.0, 2000.0
eff: 1.0, 1.0, 1.0, 0.133333333333, 0.249336870027, 0.352727272727, 0.391625615764, 0.462962962963, 0.443447037702, 0.492268041237, 0.522648083624, 0.528662420382, 0.570707070707