bins: 0.0, 100.0, 200.0, 250.0, 300.0, 350.0, 400.0, 450.0, 500.0, 550.0, 600.0, 800.0, 1000.0, 2000.0
eff: 1.0, 1.0, 0.0, 0.440347340417, 0.561906384034, 0.716362437653, 0.701257501012, 0.826614465023, 0.846115021095, 0.803353879069, 0.866592512211, 0.95053386438, 0.943838266347, 