bins: 0.0, 100.0, 200.0, 250.0, 300.0, 350.0, 400.0, 450.0, 500.0, 550.0, 600.0, 800.0, 1000.0, 2000.0
eff: 1.0, 1.0, 0.0244464329094, 0.103839950708, 0.240331069866, 0.300605467896, 0.318208679157, 0.324695828291, 0.329019425784, 0.338156485704, 0.347150214024, 0.363115589288, 0.376795278913