bins: 0.0, 100.0, 200.0, 250.0, 300.0, 350.0, 400.0, 450.0, 500.0, 550.0, 600.0, 800.0, 1000.0, 2000.0
eff: 1.0, 1.0, 0.0, 0.0711633663366, 0.0986203372509, 0.187758541443, 0.239203675345, 0.250703638069, 0.249027859159, 0.25226895053, 0.272301859969, 0.294813614263, 0.334511189635