bins: 0.0, 100.0, 200.0, 250.0, 300.0, 350.0, 400.0, 450.0, 500.0, 550.0, 600.0, 800.0, 1000.0, 2000.0
eff: 1.0, 1.0, 0.0994017652759, 0.391060870114, 0.65136933409, 0.761790448395, 0.804631404928, 0.81758137304, 0.822272586932, 0.822542529879, 0.822251728988, 0.819923642504, 0.794131379325