bins: 0.0, 100.0, 200.0, 250.0, 300.0, 350.0, 400.0, 450.0, 500.0, 550.0, 600.0, 800.0, 1000.0, 2000.0
eff: 1.0, 1.0, 0.120515777178, 0.186792733531, 0.239736052415, 0.300696823916, 0.318353771789, 0.324729753364, 0.329589323022, 0.338874025606, 0.347087643821, 0.361595824761, 0.377435898585