bins: 0.0, 100.0, 200.0, 250.0, 300.0, 350.0, 400.0, 450.0, 500.0, 550.0, 600.0, 800.0, 1000.0, 2000.0
eff: 1.0, 1.0, 1.0, 0.142857142857, 0.348920863309, 0.53171641791, 0.608786610879, 0.649253731343, 0.625396825397, 0.699481865285, 0.680942184154, 0.698113207547, 0.763636363636