bins: 0.0, 100.0, 200.0, 250.0, 300.0, 350.0, 400.0, 450.0, 500.0, 550.0, 600.0, 800.0, 1000.0, 2000.0
eff: 1.0, 0.0, 0.191176470588, 0.370579915134, 0.508833922261, 0.565217391304, 0.595103578154, 0.63723150358, 0.616822429907, 0.663265306122, 0.650319829424, 0.700636942675, 0.763636363636