bins: 0.0, 100.0, 200.0, 250.0, 300.0, 350.0, 400.0, 450.0, 500.0, 550.0, 600.0, 800.0, 1000.0, 2000.0
eff: 1.0, 0.0, 0.683827047145, 0.746811491256, 0.816569769198, 0.828581508918, 0.833678127966, 0.863395242863, 0.82140295214, 0.873207369823, 0.839495580426, 0.88899222729, 0.956736026521, 