bins: 0.0, 100.0, 200.0, 250.0, 300.0, 350.0, 400.0, 450.0, 500.0, 550.0, 600.0, 800.0, 1000.0, 2000.0
eff: 1.0, 1.0, 1.0, 0.265237210953, 0.456250615446, 0.635814088416, 0.727196181654, 0.763765441284, 0.778789092814, 0.789128597255, 0.79503128959, 0.803027975078, 0.808954868253