bins: 0.0, 100.0, 200.0, 250.0, 300.0, 350.0, 400.0, 450.0, 500.0, 550.0, 600.0, 800.0, 1000.0, 2000.0
eff: 1.0, 0.0604427712118, 0.279568454314, 0.496216139512, 0.623135880675, 0.682150621539, 0.713828944519, 0.738053063006, 0.750937683265, 0.759573646586, 0.774655453331, 0.788124936493, 0.79816829561