bins: 0.0, 100.0, 200.0, 250.0, 300.0, 350.0, 400.0, 450.0, 500.0, 550.0, 600.0, 800.0, 1000.0, 2000.0
eff: 1.0, 1.0, 1.0, 0.205128205128, 0.32531280077, 0.517711171662, 0.593252108716, 0.651041666667, 0.653153153153, 0.661073825503, 0.672354948805, 0.70304975923, 0.697674418605