bins: 0.0, 100.0, 200.0, 250.0, 300.0, 350.0, 400.0, 450.0, 500.0, 550.0, 600.0, 800.0, 1000.0, 2000.0
eff: 1.0, 0.0, 0.198473282443, 0.377745241581, 0.531862745098, 0.610335195531, 0.646601941748, 0.669135802469, 0.649517684887, 0.707446808511, 0.676537585421, 0.703225806452, 0.764705882353