bins: 0.0, 100.0, 200.0, 250.0, 300.0, 350.0, 400.0, 450.0, 500.0, 550.0, 600.0, 800.0, 1000.0, 2000.0
eff: 1.0, 0.0, 0.699030500452, 0.744113835244, 0.799899864053, 0.823138980706, 0.841314687927, 0.856812679195, 0.825848832162, 0.897604453888, 0.850343332483, 0.877022054941, 0.947139081913, 