bins: 0.0, 100.0, 200.0, 250.0, 300.0, 350.0, 400.0, 450.0, 500.0, 550.0, 600.0, 800.0, 1000.0, 2000.0
eff: 1.0, 1.0, 0.0, 0.862825717186, 0.693759498786, 0.800832935539, 0.835243903214, 0.85562183517, 0.820747138894, 0.90075986829, 0.853871360028, 0.877480938824, 0.947265308298, 