bins: 0.0, 100.0, 200.0, 250.0, 300.0, 350.0, 400.0, 450.0, 500.0, 550.0, 600.0, 800.0, 1000.0, 2000.0
eff: 1.0, 0.0, 0.699721249939, 0.746491891174, 0.809932524547, 0.817742545983, 0.839298444302, 0.876199265568, 0.827526691726, 0.887865661077, 0.844365873906, 0.893688191699, 0.959729741262, 