bins: 0.0, 100.0, 200.0, 250.0, 300.0, 350.0, 400.0, 450.0, 500.0, 550.0, 600.0, 800.0, 1000.0, 2000.0
eff: 1.0, 0.057295528861, 0.28392649865, 0.507644427089, 0.664911658321, 0.741472837318, 0.768561337424, 0.780959267664, 0.786484958981, 0.788149842, 0.795605209775, 0.801833662552, 0.807384994407