bins: 0.0, 100.0, 200.0, 250.0, 300.0, 350.0, 400.0, 450.0, 500.0, 550.0, 600.0, 800.0, 1000.0, 2000.0
eff: 1.0, 1.0, 0.0, 0.0869565217391, 0.387323943662, 0.618784530387, 0.716312056738, 0.779661016949, 0.8125, 0.851851851852, 0.812903225806, 0.806451612903, 0.848484848485