bins: 0.0, 100.0, 200.0, 250.0, 300.0, 350.0, 400.0, 450.0, 500.0, 550.0, 600.0, 800.0, 1000.0, 2000.0
eff: 1.0, 1.0, 0.0, 0.397065336063, 0.69682685517, 0.824801178631, 0.886378368963, 0.937122772746, 0.992744917543, 1.02443753649, 0.984458150207, 0.972817423207, 1.05333952807, 