bins: 0.0, 100.0, 200.0, 250.0, 300.0, 350.0, 400.0, 450.0, 500.0, 550.0, 600.0, 800.0, 1000.0, 2000.0
eff: 1.0, 0.0, 0.0395898515686, 0.218998018314, 0.555839575912, 0.750222655372, 0.808133503501, 0.831973183903, 0.818437833971, 0.831531275955, 0.825736701591, 0.82898557701, 0.805518853011