bins: 0.0, 100.0, 200.0, 250.0, 300.0, 350.0, 400.0, 450.0, 500.0, 550.0, 600.0, 800.0, 1000.0, 2000.0
eff: 1.0, 1.0, 0.488370976681, 0.456109891219, 0.593062178296, 0.716559891665, 0.767064949969, 0.861496625954, 0.862991894318, 0.845853692017, 0.855536170198, 0.933209303961, 0.790126531466, 