bins: 0.0, 100.0, 200.0, 250.0, 300.0, 350.0, 400.0, 450.0, 500.0, 550.0, 600.0, 800.0, 1000.0, 2000.0
eff: 1.0, 1.0, 0.0292517675453, 0.143601698281, 0.364125712833, 0.478197770547, 0.504289146883, 0.514666387207, 0.528518139315, 0.52795814061, 0.529495568681, 0.540141465061, 0.543681863197