bins: 0.0, 100.0, 200.0, 250.0, 300.0, 350.0, 400.0, 450.0, 500.0, 550.0, 600.0, 800.0, 1000.0, 2000.0
eff: 1.0, 1.0, 1.0, 3.16340932394, 1.1335354645, 0.907115386944, 0.998334351168, 1.01342110451, 1.0073048514, 1.02713243527, 0.95053152879, 1.07404632076, 0.852041620198, 