bins: 0.0, 100.0, 200.0, 250.0, 300.0, 350.0, 400.0, 450.0, 500.0, 550.0, 600.0, 800.0, 1000.0, 2000.0
eff: 1.0, 1.0, 0.0, 0.438433756872, 0.697098899322, 0.791193962242, 0.84577320133, 0.93094312377, 0.966087651511, 0.988762466368, 0.96360517524, 0.940476455334, 1.05424613664, 