bins: 0.0, 100.0, 200.0, 250.0, 300.0, 350.0, 400.0, 450.0, 500.0, 550.0, 600.0, 800.0, 1000.0, 2000.0
eff: 1.0, 1.0, 0.0585055856759, 0.235138790956, 0.573806672753, 0.784031331403, 0.833599326763, 0.853834970769, 0.848784267884, 0.847018397732, 0.850301409501, 0.834274351224, 0.813038651367