bins: 0.0, 100.0, 200.0, 250.0, 300.0, 350.0, 400.0, 450.0, 500.0, 550.0, 600.0, 800.0, 1000.0, 2000.0
eff: 1.0, 1.0, 0.456142919487, 0.453847427004, 0.627170387769, 0.731731548732, 0.768726351263, 0.771733230096, 0.768267012262, 0.772016122127, 0.767125943302, 0.786416792599, 0.740363996427