bins: 0.0, 100.0, 200.0, 250.0, 300.0, 350.0, 400.0, 450.0, 500.0, 550.0, 600.0, 800.0, 1000.0, 2000.0
eff: 1.0, 0.0, 0.0063829787234, 0.0611596505163, 0.214434420541, 0.341761115955, 0.387062566278, 0.442779291553, 0.456106870229, 0.446575342466, 0.453002610966, 0.50406504065, 0.429577464789