bins: 0.0, 100.0, 200.0, 250.0, 300.0, 350.0, 400.0, 450.0, 500.0, 550.0, 600.0, 800.0, 1000.0, 2000.0
eff: 1.0, 0.0, 0.290587379065, 0.440437984165, 0.591456446521, 0.722259266912, 0.773071268592, 0.861869422656, 0.868610252582, 0.845808095904, 0.856214260381, 0.937781432293, 0.787770064421, 