bins: 0.0, 100.0, 200.0, 250.0, 300.0, 350.0, 400.0, 450.0, 500.0, 550.0, 600.0, 800.0, 1000.0, 2000.0
eff: 1.0, 0.00140533227872, 0.0219657809776, 0.138860980921, 0.362553188493, 0.473183428184, 0.500681608544, 0.513742894125, 0.525099570116, 0.527986601959, 0.529076227678, 0.537508019772, 0.545308185967