bins: 0.0, 100.0, 200.0, 250.0, 300.0, 350.0, 400.0, 450.0, 500.0, 550.0, 600.0, 800.0, 1000.0, 2000.0
eff: 1.0, 1.0, 0.0689122097021, 0.188081510918, 0.274951575409, 0.33126076156, 0.34557951999, 0.352704776859, 0.358852476319, 0.362277485795, 0.370039548523, 0.381903056654, 0.393316046473