bins: 0.0, 100.0, 200.0, 250.0, 300.0, 350.0, 400.0, 450.0, 500.0, 550.0, 600.0, 800.0, 1000.0, 2000.0
eff: 1.0, 0.333333333333, 0.146987951807, 0.274787535411, 0.361316872428, 0.410138248848, 0.414117647059, 0.475988700565, 0.457720588235, 0.498666666667, 0.510895883777, 0.53355704698, 0.577540106952