bins: 0.0, 100.0, 200.0, 250.0, 300.0, 350.0, 400.0, 450.0, 500.0, 550.0, 600.0, 800.0, 1000.0, 2000.0
eff: 1.0, 4.65514980737, 0.550081689809, 0.604068941956, 0.636757881918, 0.639429875879, 0.620140276273, 0.716486275219, 0.692185451715, 0.746996433301, 0.759670517668, 0.772489007548, 0.820644851582, 