bins: 0.0, 100.0, 200.0, 250.0, 300.0, 350.0, 400.0, 450.0, 500.0, 550.0, 600.0, 800.0, 1000.0, 2000.0
eff: 1.0, 4.65514980737, 0.549464684364, 0.601339993357, 0.625142290514, 0.643264115282, 0.631341236453, 0.721995648679, 0.68789904471, 0.742183764602, 0.754984059718, 0.762891845627, 0.813383860767, 