bins: 0.0, 100.0, 200.0, 250.0, 300.0, 350.0, 400.0, 450.0, 500.0, 550.0, 600.0, 800.0, 1000.0, 2000.0
eff: 1.0, 0.0, 1.25918557622, 0.689005469359, 0.605559324842, 0.631473039275, 0.636502446395, 0.71938158017, 0.695864368762, 0.747559345713, 0.753939496661, 0.763065047403, 0.813383860767, 