bins: 0.0, 100.0, 200.0, 250.0, 300.0, 350.0, 400.0, 450.0, 500.0, 550.0, 600.0, 800.0, 1000.0, 2000.0
eff: 1.0, 0.0716052860008, 0.267511190419, 0.45695868967, 0.577975411215, 0.637589194087, 0.655933151754, 0.659268101457, 0.665389190107, 0.671891100897, 0.676697576858, 0.69938753447, 0.710046184599