bins: 0.0, 100.0, 200.0, 250.0, 300.0, 350.0, 400.0, 450.0, 500.0, 550.0, 600.0, 800.0, 1000.0, 2000.0
eff: 1.0, 0.0, 0.0, 0.440253432023, 0.568117959531, 0.73009286814, 0.718203247715, 0.842137380478, 0.866520228421, 0.816395915183, 0.884231254418, 0.969320493958, 0.962939112636, 