bins: 0.0, 100.0, 200.0, 250.0, 300.0, 350.0, 400.0, 450.0, 500.0, 550.0, 600.0, 800.0, 1000.0, 2000.0
eff: 1.0, 0.00129333145687, 0.0148433578654, 0.0990369542449, 0.235253170702, 0.293985628202, 0.310375028317, 0.318710788311, 0.321271528647, 0.332754389715, 0.340225223416, 0.356077960235, 0.369321173219