bins: 0.0, 100.0, 200.0, 250.0, 300.0, 350.0, 400.0, 450.0, 500.0, 550.0, 600.0, 800.0, 1000.0, 2000.0
eff: 1.0, 1.0, 0.00490196078431, 0.0297001153403, 0.121523027816, 0.250061229488, 0.302880148653, 0.324221716021, 0.31684698609, 0.361263736264, 0.347107438017, 0.385601577909, 0.379032258065