bins: 0.0, 100.0, 200.0, 250.0, 300.0, 350.0, 400.0, 450.0, 500.0, 550.0, 600.0, 800.0, 1000.0, 2000.0
eff: 1.0, 1.0, 0.475592911347, 0.498246448214, 0.681904178149, 0.924203553652, 1.01891265214, 1.05167973941, 0.988804306429, 1.11460738622, 1.02667406337, 1.05734660854, 1.01388177287, 