bins: 0.0, 100.0, 200.0, 250.0, 300.0, 350.0, 400.0, 450.0, 500.0, 550.0, 600.0, 800.0, 1000.0, 2000.0
eff: 1.0, 1.0, 0.0103070518239, 0.0596092866225, 0.178211296704, 0.270569430836, 0.297258207578, 0.308289400158, 0.32043447225, 0.32411747915, 0.338089224614, 0.364687960214, 0.373842659182