bins: 0.0, 100.0, 200.0, 250.0, 300.0, 350.0, 400.0, 450.0, 500.0, 550.0, 600.0, 800.0, 1000.0, 2000.0
eff: 1.0, 1.0, 1.0, 0.207448355589, 0.382276935127, 0.554578749525, 0.642583830384, 0.66915834524, 0.679613140503, 0.684185274701, 0.692537977778, 0.704378555153, 0.725369823797