bins: 0.0, 100.0, 200.0, 250.0, 300.0, 350.0, 400.0, 450.0, 500.0, 550.0, 600.0, 800.0, 1000.0, 2000.0
eff: 1.0, 0.333333333333, 0.146788990826, 0.275454545455, 0.351351351351, 0.384007029877, 0.388513513514, 0.442799461642, 0.435626102293, 0.483375959079, 0.515046296296, 0.5303514377, 0.568527918782