bins: 0.0, 100.0, 200.0, 250.0, 300.0, 350.0, 400.0, 450.0, 500.0, 550.0, 600.0, 800.0, 1000.0, 2000.0
eff: 1.0, 1.0, 1.0, 0.583929892886, 0.638315267348, 0.644132980341, 0.629176325858, 0.717702147615, 0.672771929424, 0.733394614186, 0.772116724794, 0.753978888637, 0.800120384905, 