bins: 0.0, 100.0, 200.0, 250.0, 300.0, 350.0, 400.0, 450.0, 500.0, 550.0, 600.0, 800.0, 1000.0, 2000.0
eff: 1.0, 4.70736865951, 0.553579538876, 0.612917546126, 0.639133743938, 0.64139705936, 0.62366982264, 0.698135656786, 0.675803136694, 0.735490180667, 0.775296377853, 0.766534813325, 0.804129932795, 