bins: 0.0, 100.0, 200.0, 250.0, 300.0, 350.0, 400.0, 450.0, 500.0, 550.0, 600.0, 800.0, 1000.0, 2000.0
eff: 1.0, 1.0, 1.0, 0.228337913434, 0.390617117874, 0.547600081804, 0.622441753874, 0.645062808439, 0.659134274644, 0.671218511447, 0.676902943351, 0.701163425594, 0.713276503729