bins: 0.0, 100.0, 200.0, 250.0, 300.0, 350.0, 400.0, 450.0, 500.0, 550.0, 600.0, 800.0, 1000.0, 2000.0
eff: 1.0, 0.0708109683867, 0.26516332436, 0.449415336852, 0.549730560597, 0.598704069926, 0.622947430531, 0.634259914012, 0.644605031613, 0.657216060507, 0.664321814223, 0.691881736459, 0.707010018649