bins: 0.0, 100.0, 200.0, 250.0, 300.0, 350.0, 400.0, 450.0, 500.0, 550.0, 600.0, 800.0, 1000.0, 2000.0
eff: 1.0, 0.0, 0.00390879478827, 0.0279343298211, 0.120204036372, 0.250657108722, 0.30332326284, 0.325093632959, 0.314889336016, 0.356705241661, 0.34637964775, 0.388015717092, 0.396411092985