bins: 0.0, 100.0, 200.0, 250.0, 300.0, 350.0, 400.0, 450.0, 500.0, 550.0, 600.0, 800.0, 1000.0, 2000.0
eff: 1.0, 0.0, 0.498020577881, 0.49442349391, 0.706061418595, 0.976727132313, 1.06938286945, 1.10822981052, 1.02184170103, 1.14947329369, 1.06808080152, 1.10055713014, 1.07818295475, 