bins: 0.0, 100.0, 200.0, 250.0, 300.0, 350.0, 400.0, 450.0, 500.0, 550.0, 600.0, 800.0, 1000.0, 2000.0
eff: 1.0, 0.00305895246873, 0.00784866120372, 0.0564987913503, 0.170245864178, 0.256629615815, 0.283643278293, 0.293344963176, 0.308158627406, 0.310320599546, 0.324300977283, 0.352562994202, 0.367665887536